01000101111111111001011001101000
01000000111110001001001101101010
01001100111101001001111101100110
01001000111100001001101101100010
01010100111011001000011101111110
01010000111010001000001101111010
01011100111001001000111100100111
00110101100011111110011000011001
00110001100010111110001000010101
00111101100011011111010100011100
00110100100001001110110100011010
00110010100010001110000100011110
00110110100011001110010100011101
00110100100011011110011000100111
01100101110111111011011001001001
01100001110110111011001000010110
00111111100001101011000100100111
00001110111100101001111000001101
01110000110101011011110001011110
00100100110101001010011000001101
01110000110101011011000000001101
01100000110110001011100001000010
01101010110011101010000101011111
01100101110010011011110001000010
01101010100111011011001101000010
01110110100111011011000001001110
01100001100111011110010000011010
00110010100100111111010101100011
01101011100111011011101001000011
01100001100111011011100001011000
01110111110010011111010101001011
01101101110100111011000100001101
01101011110010001010000100001101
01100101110111111011101001011000
01110000100111011010000101000101
01101101110011101111101100100111
01010111110110001010011101000100
01101011110010001010011001000001
01111101100111011011000101011000
01100000110110001111101100001101
01001101110010011010011000001101
01101000110101001011001101001000
00100100110100101010011100001101
01100000110110001011010001011001
01101100100100111111010100001101
