01000001 01000001 01000011 01000100 01000101 01000110 01000111 01001000 01001001 
01001001 01001010 01001011 01001100 01001101 01001110 01001111 01010000 01010001
01010010 01010011 01010100 01010101 01010110 01010111 01011000 01011001 01011010

A-Z

01000001 01000001 01000011 01000100 01000101 01000110 01000111 01001000 01001001 
01001001 01001010 01001011 01001100 01001101 01001110 01001111 01010000 01010001
01010010 01010011 01010100 01010101 01010110 01010111 01011000 01011001 01011010


KEYPAD 
00000100101111011101010100101101
00000110011000110011111110111011
10000101010100100010000011100110
01000111111110110011000000010101






                                                    






